0.0 1.0 2.0 0.5 0.25
0.040160642570281124 1.0409779864588005 2.081955972917601 0.22995148432846096 0.27916956734350223
0.08032128514056225 1.0836351679606318 2.1672703359212635 0.12883628702401745 0.15945917045448227
0.12048192771084337 1.1280403548551707 2.2560807097103415 0.07256216663809643 0.08954843061455885
0.1606425702811245 1.1742651768827934 2.348530353765587 0.04085035483275072 0.050269816960557434
0.20080321285140562 1.2223841990265036 2.4447683980530073 0.022999207156620637 0.02822535503021409
0.24096385542168675 1.2724750417928508 2.5449500835857015 0.012952821072955888 0.015851790373388797
0.28112449799196787 1.3246185064543503 2.6492370129087006 0.007297739061091879 0.008905077736359181
0.321285140562249 1.3788987052622192 2.7577974105244385 0.0041134128600306295 0.0050040895402732695
0.3614457831325301 1.4354031973426435 2.870806394685287 0.0023196461063173324 0.002812885549975199
0.40160642570281124 1.4942231296690955 2.988446259338191 0.0013087343728378053 0.0015817002859306016
0.44176706827309237 1.5554533843686869 3.1109067687373737 0.000738765935343045 0.0008897255933761964
0.4819277108433735 1.6191927316107528 3.2383854632215057 0.0004172416474129294 0.000500662003509866
0.5220883534136547 1.6855439890353971 3.3710879780707943 0.00023576815303519261 0.0002818325117989781
0.5622489959839357 1.754614187359283 3.509228374718566 0.00013330039151508374 0.00015871631222103135
0.6024096385542169 1.8265147431542994 3.653029486308599 7.54189873471918e-05 8.943282136727516e-05
0.642570281124498 1.9013616390212424 3.802723278042485 4.26946338252506e-05 5.04143355675089e-05
0.6827309236947792 1.9792756099247029 3.9585512198494057 2.419022788289601e-05 2.844042397078046e-05
0.7228915662650602 2.060382338469842 4.120764676939684 1.3712252947284502e-05 1.604975610106633e-05
0.7630522088353414 2.144812657441254 4.289625314882508 7.781832487487971e-06 9.06730375641621e-06
0.8032128514056225 2.23270276087671 4.46540552175342 4.421457717036832e-06 5.128330501318707e-06
0.8433734939759037 2.3241944237518934 4.648388847503787 2.5125790137490523e-06 2.9004349005442722e-06
0.8835341365461847 2.419435230793658 4.838870461587316 1.4301358007533678e-06 1.6424463650654944e-06
0.9236947791164659 2.5185788144354087 5.037157628870817 8.158888994873644e-07 9.327819676575766e-07
0.963855421686747 2.621785102591252 5.243570205182504 4.6565985444385506e-07 5.299503787929903e-07
1.0040160642570282 2.729220576554144 5.458441153108288 2.654808732840861e-07 3.004803476572907e-07
1.0441767068273093 2.8410585399105863 5.682117079821173 1.518299762578439e-07 1.7100665537127994e-07
1.0843373493975903 2.9574793985949026 5.914958797189805 8.808660966643538e-08 9.88169810449558e-08
1.1244979919678715 3.0786709504624183 6.157341900924837 5.1778280781340565e-08 5.7777975705106335e-08
1.1646586345381527 3.204828688406877 6.409657376813754 3.016864042882441e-08 3.359411775764592e-08
1.2048192771084338 3.3361561163267406 6.672312232653481 1.7300972008457493e-08 1.8999721488091743e-08
1.2449799196787148 3.472865077709614 6.945730155419228 9.792184550381224e-09 1.1112456972150973e-08
1.285140562248996 3.6151760971730327 7.230352194346065 6.171043272745209e-09 5.976556944193061e-09
1.3253012048192772 3.7633187406949387 7.526637481389877 4.355400415717737e-09 3.84644624595258e-09
1.3654618473895583 3.9175319739982313 7.8350639479964626 2.7463295725022866e-09 3.216902912855259e-09
1.4056224899598393 4.078064556299417 8.156129112598833 1.9979223748845516e-09 1.6326773539156904e-09
1.4457831325301205 4.245175442778298 8.490350885556596 4.994467588820547e-10 1.9995256355012343e-09
1.4859437751004017 4.419134198285171 8.838268396570342 -7.135284167177377e-10 2.3674367402839068e-09
1.5261044176706828 4.600221430734029 9.200442861468058 -6.126270806439895e-11 6.592467390629058e-11
1.5662650602409638 4.788729252946443 9.577458505892887 1.1242955558003178e-09 -1.9939485262512162e-09
1.606425702811245 4.984961749351198 9.969923498702396 1.410841811456136e-09 -1.646562795422147e-09
1.6465863453815262 5.189235478824653 10.378470957649306 9.639770958868143e-10 2.695205352679719e-10
1.6867469879518073 5.401879933127802 10.803759866255604 6.769552388768241e-10 8.008439941707365e-10
1.7269076305220883 5.623238173920367 11.246476347840733 2.1262342758013258e-10 1.1537815358798613e-09
1.7670682730923695 5.853667208259071 11.707334416518142 3.299849647900461e-10 4.4989343878140993e-11
1.8072289156626506 6.0935387991501235 12.187077598300247 -2.810391122852534e-10 8.7371814614764e-11
1.8473895582329318 6.343239814700439 12.686479629400878 -1.8854867441423193e-09 2.6000004834017395e-09
1.8875502008032128 6.603173101641778 13.206346203283555 -1.2706321848028137e-09 1.2419938881549996e-09
1.927710843373494 6.873757909580876 13.747515819161752 1.5975230737943967e-09 -3.8430162718433314e-09
1.9678714859437751 7.155430753574935 14.31086150714987 1.5651237272401985e-09 -2.7723311458824203e-09
2.0080321285140563 7.44864590190846 14.89729180381692 2.346332536080978e-10 -8.337078391832935e-11
2.0481927710843375 7.753876457410303 15.507752914820607 -2.318559964066569e-11 3.64685184443248e-10
2.0883534136546187 8.071615238990267 16.143230477980534 -3.78191719608562e-12 2.187302718271612e-10
2.1285140562248994 8.402375005731516 16.80475001146303 4.075129379318912e-11 2.129047872420958e-11
2.1686746987951806 8.746690324215578 17.493380648431156 2.410573189763825e-12 3.686977547069515e-11
2.208835341365462 9.105116201933942 18.210232403867884 3.013872580629275e-12 9.314556893750815e-12
2.248995983935743 9.478230118753139 18.956460237506278 -1.5466007483515588e-12 8.908364188903743e-12
2.289156626506024 9.86663412802689 19.73326825605378 -1.2337291080258792e-11 2.3725895276909726e-11
2.3293172690763053 10.270955098580467 20.541910197160934 -7.859004628015046e-12 9.783379798331619e-12
2.3694779116465865 10.691838436515617 21.383676873031234 8.839960259068694e-12 -2.580056522961468e-11
2.4096385542168677 11.129966574218177 22.259933148436353 5.716110497913755e-12 -1.3787649048075639e-11
2.4497991967871484 11.586047021037853 23.172094042075706 4.506144463044658e-11 -7.42195669837964e-11
2.4899598393574296 12.060818548719151 24.121637097438303 3.903118691330867e-11 -5.0418701877054704e-11
2.5301204819277108 12.555046608813194 25.11009321762639 -8.459923483379615e-11 1.797972407542585e-10
2.570281124497992 13.069528226651379 26.139056453302757 4.5130146354094547e-10 -7.620955015786509e-10
2.610441767068273 13.605095449790902 27.210190899581804 7.131835285812987e-10 -1.1728341334912022e-09
2.6506024096385543 14.162609140078832 28.325218280157664 3.21037050189582e-10 -3.3478233543099064e-10
2.6907630522088355 14.742970311233595 29.48594062246719 -1.8080037603955526e-10 6.457417602722277e-10
2.7309236947791167 15.347113580321489 30.694227160642978 -2.719761566543209e-10 6.777084610186335e-10
2.7710843373493974 15.97601337014788 31.95202674029576 -4.2996198306577864e-10 6.497421956794551e-10
2.8112449799196786 16.63068489490853 33.26136978981706 -1.4130546875638108e-09 2.002209408234763e-09
2.8514056224899598 17.31218249983788 34.62436499967576 -1.6840630572672464e-09 2.230719534757668e-09
2.891566265060241 18.021608010855164 36.04321602171033 2.230506881493769e-09 -4.280923513192891e-09
2.931726907630522 18.7600986498684 37.5201972997368 1.0622292839380754e-09 9.119408963390427e-10
2.9718875502008033 19.52885198809816 39.05770397619632 5.913855208239073e-10 5.766312400560762e-10
3.0120481927710845 20.329105191433086 40.65821038286617 3.3798318395942357e-10 3.4768412664828667e-10
3.0522088353413657 21.16215657832772 42.32431315665544 1.9921552667131823e-10 2.0076600938452079e-10
3.0923694779116464 22.029348202365775 44.05869640473155 1.1835817309579624e-10 1.1790846917115742e-10
3.1325301204819276 22.932076697620055 45.86415339524011 7.042179068070198e-11 7.01783529637615e-11
3.1726907630522088 23.871797125163642 47.743594250327284 4.70539617150247e-11 3.0623227108398505e-11
3.21285140562249 24.850017260669617 49.700034521339234 2.9069829802149598e-11 1.0744371884280428e-11
3.253012048192771 25.86831714881722 51.73663429763444 -1.9571382427620737e-11 6.739407916686678e-11
3.2931726907630523 26.928343229000596 53.85668645800119 2.2685136017144978e-10 -4.1810933200149174e-10
3.3333333333333335 28.031810312457168 56.063620624914336 -9.99124348468107e-10 1.842125267941346e-09
3.3734939759036147 29.180497964917045 58.36099592983409 2.135231111430491e-09 -3.844385359371924e-09
3.4136546184738954 30.376266954537236 60.75253390907447 9.495283878679628e-10 9.527368454906722e-10
3.4538152610441766 31.621066254982043 63.24213250996409 5.469845871348001e-10 5.480399653393057e-10
3.4939759036144578 32.9168240711641 65.8336481423282 3.172118490171483e-10 3.183688932139875e-10
3.534136546184739 34.265690811030645 68.53138162206129 1.851552184202924e-10 1.84575515356652e-10
3.57429718875502 35.669837857346245 71.33967571469249 1.0817374454701605e-10 1.0842061173813767e-10
3.6144578313253013 37.131526288389765 74.26305257677953 6.333358989719468e-11 6.388080310077948e-11
3.6546184738955825 38.65311705830619 77.30623411661237 3.7531420430151474e-11 3.623393277765865e-11
3.6947791164658637 40.23705064276147 80.47410128552293 2.0087913217163955e-11 2.1343994614617974e-11
3.7349397590361444 41.88588043414134 83.77176086828268 8.77773876529604e-12 1.070866209109195e-11
3.7751004016064256 43.602270346853054 87.20454069370611 8.90075057151399e-14 6.517809253587574e-12
3.8152610441767068 45.388998841395086 90.77799768279017 -4.254283104745817e-12 6.0370011261973755e-12
3.855421686746988 47.24894746425791 94.49789492851582 5.8445638476634204e-12 -1.4476729226993472e-11
3.895582329317269 49.18511763600285 98.3702352720057 -2.3146227536215685e-11 3.724689679508075e-11
3.9357429718875503 51.20063867839921 102.40127735679842 -4.93272748708063e-11 8.331045348691611e-11
3.9759036144578315 53.29875778647855 106.5975155729571 -3.0629702000943585e-11 4.482740591311606e-11
4.016064257028113 55.48285389239146 110.96570778478292 8.569388766005467e-12 -3.2435133496809e-11
4.056224899598393 57.756461688199934 115.51292337639987 2.46920856825929e-11 -5.755560931822974e-11
4.096385542168675 60.12322316104397 120.24644632208793 1.3120222594309994e-11 -1.8463206910324742e-11
4.136546184738956 62.58697373466954 125.17394746933908 2.6124040732160578e-11 -1.4699528280833005e-11
4.176706827309237 65.15167559434292 130.30335118868584 4.7154625674061275e-11 -2.6514729767235742e-11
4.216867469879518 67.82147562674382 135.64295125348764 -2.66163448250072e-11 8.759963139093118e-11
4.257028112449799 70.60067656515704 141.2013531303141 -5.7109678756676964e-11 1.1421742568188412e-10
4.2971887550200805 73.49376436832713 146.98752873665427 2.99880015533188e-10 -4.5711763501732445e-10
4.337349397590361 76.50540808264812 153.01081616529623 -5.004475039426388e-11 5.3277141158896297e-11
4.377510040160643 79.64045935001242 159.28091870002484 -2.6099661898862594e-09 3.959711955474836e-09
4.417670682730924 82.90397807290938 165.80795614581876 -2.9510620344681175e-09 3.580278819974478e-09
4.457831325301205 86.30122380159511 172.60244760319023 3.137550313991388e-10 -3.009303904367008e-09
4.497991967871486 89.83768048616045 179.6753609723209 -7.671882027304533e-11 -1.1849842835741362e-09
4.538152610441767 93.5190566476597 187.0381132953194 -2.7916474712129676e-11 -1.1245854535307095e-10
4.578313253012048 97.35128695700202 194.70257391400403 3.533462487090532e-10 -3.266423692697869e-10
4.618473895582329 101.34055421639697 202.68110843279393 -7.356809143770814e-10 1.7042930372318508e-09
4.658634538152611 105.49329727704593 210.98659455409185 -7.563817146831114e-10 1.3080133174259926e-09
4.698795180722891 109.81621203011021 219.63242406022042 3.6000161006517913e-10 -1.2677844109508043e-09
4.738955823293173 114.31627073260209 228.63254146520418 7.379977047673532e-10 -1.8231581662683352e-09
4.779116465863454 119.00074109831067 238.00148219662134 2.886764651452421e-10 -7.078845807345504e-10
4.819277108433735 123.87716631555365 247.7543326311073 -1.3088294755858955e-09 2.5005947868370673e-09
4.859437751004016 128.95342240530184 257.9068448106037 -8.924686237349443e-10 1.563798570458668e-09
4.899598393574297 134.23769247952927 268.47538495905854 5.967945228719315e-10 -1.5434054348813924e-09
4.9397590361445785 139.73849811441755 279.4769962288351 2.913966453135876e-10 -6.234123732464329e-10
4.979919678714859 145.46472427111084 290.9294485422217 -4.1452735706445175e-10 7.997151090098829e-10
5.020080321285141 151.42559357259637 302.85118714519274 -1.5416930518006548e-09 2.6140101483782783e-09
5.0602409638554215 157.63073081032525 315.2614616206505 -1.4040741103079205e-09 1.8413489436986693e-09
5.100401606425703 164.09014448894322 328.18028897788645 -6.116936450702357e-10 -8.170781194825176e-11
5.140562248995984 170.8142469720072 341.6284939440144 -2.699787565487988e-10 -5.044921718355127e-10
5.180722891566265 177.8138993130645 355.627798626129 3.128974375354698e-10 -1.1395174985640093e-09
5.220883534136546 185.10038243591168 370.20076487182337 6.386158985285046e-10 -1.135299704797678e-09
5.261044176706827 192.68545974509584 385.3709194901917 -9.491329755338209e-11 6.020820017979535e-10
5.301204819277109 200.58136198735681 401.16272397471363 -1.0150616653115916e-09 2.3123340082895298e-09
5.341365461847389 208.80082114516557 417.60164229033114 -2.8708936421570193e-10 5.839465240992074e-10
5.381526104417671 217.3571110984504 434.7142221969008 5.316513915376895e-10 -1.2873415478132718e-09
5.421686746987952 226.2640044590294 452.5280089180588 3.080631353787915e-10 -6.532026225536764e-10
5.461847389558233 235.5359105451583 471.0718210903166 -2.2078496773609264e-10 3.736410782093649e-10
5.502008032128514 245.18773810169637 490.37547620339274 -1.360971410352738e-09 2.2589259891592333e-09
5.542168674698795 255.2351027441976 510.4702054883952 -1.998820069932363e-09 3.0164279701126384e-09
5.582329317269076 265.69416903428896 531.3883380685779 -1.6796140309967468e-09 1.7517798492391306e-09
5.622489959839357 276.5818469339767 553.1636938679534 -1.0037793121580861e-09 2.4119234726431477e-10
5.662650602409639 287.91566809489876 575.8313361897975 -1.2705650422367612e-10 -1.1317162072998916e-09
5.7028112449799195 299.71393716211895 599.4278743242379 -1.3889596994528474e-10 -6.439083938951191e-10
5.742971887550201 311.99567630615525 623.9913526123105 -7.833574583663735e-10 1.0392851751251054e-09
5.783132530120482 324.78069101422517 649.5613820284503 -1.215821797477597e-09 1.793073725647861e-09
5.823293172690763 338.0896307483761 676.1792614967522 -1.0241993889865294e-09 1.2814412605876944e-09
5.863453815261044 351.9439188622484 703.8878377244968 6.273715105730484e-10 -1.7290624143074845e-09
5.903614457831325 366.3659683746267 732.7319367492534 1.2117373215225716e-09 -2.5986522774228213e-09
5.943775100401607 381.3789703898049 762.7579407796098 -1.4196392208409105e-10 4.64130312288351e-10
5.983935742971887 397.0072134233104 794.0144268466208 -7.18986712709505e-10 1.6849103381523054e-09
6.024096385542169 413.2758412327508 826.5516824655016 -2.936875062109953e-10 5.416578863148073e-10
6.06425702811245 430.2111555001185 860.422311000237 5.788707099431075e-10 -1.0957304300930702e-09
6.104417670682731 447.8404269804901 895.6808539609802 1.5357124447735679e-09 -2.625169839036629e-09
6.144578313253012 466.1921261704523 932.3842523409046 2.0885042585476346e-10 5.174417749262374e-12
6.184738955823293 485.2958432617326 970.5916865234652 -1.648630195223127e-09 3.438925509263307e-09
6.224899598393574 505.1823823782944 1010.3647647565888 -5.032655940564727e-10 7.631416512676354e-10
6.265060240963855 525.8838659175568 1051.7677318351136 7.725770509803076e-10 -1.9760184858533304e-09
6.305220883534137 547.4336146838386 1094.8672293676773 5.764893816901857e-10 -1.1594843873247376e-09
6.3453815261044175 569.8664916266401 1139.7329832532803 6.499216570887781e-10 -8.76629758121067e-10
6.385542168674699 593.2185701396551 1186.4371402793101 7.306144029731029e-10 -7.19243942515714e-10
6.42570281124498 617.5276290327881 1235.0552580655763 8.793305759935376e-10 -7.05699835780986e-10
6.465863453815261 642.8327796024989 1285.6655592049979 1.1756035573701138e-09 -1.167725204468936e-09
6.506024096385542 669.1749312917995 1338.349862583599 8.028774787812552e-10 -5.065944422132227e-10
6.546184738955823 696.5965047390243 1393.1930094780487 1.490612097196686e-10 5.630243106453195e-10
6.586345381526105 725.1417818710886 1450.2835637421772 6.872737322665923e-10 -6.040136463642617e-10
6.626506024096385 754.8567922739782 1509.7135845479563 1.6543203165287474e-09 -2.4134668587218083e-09
6.666666666666667 785.7894464191634 1571.5788928383267 1.7143600640333225e-09 -2.1279708623766873e-09
6.706827309236948 817.9897141108639 1635.9794282217279 1.3324646479224453e-09 -1.060282346715248e-09
6.746987951807229 851.5094207176337 1703.0188414352674 4.1986391787122073e-10 5.548634414937051e-10
6.78714859437751 886.4027947933621 1772.8055895867242 3.5318991943516567e-11 1.0392810956328709e-09
6.827309236947791 922.7259479318652 1845.4518958637304 7.71186449301099e-10 -7.670028180042397e-10
6.867469879518072 960.5376419730247 1921.0752839460495 1.2975212431906468e-09 -1.8893258795027275e-09
6.907630522088353 999.8987148850088 1999.7974297700175 1.3498538004539807e-09 -1.7063701668953652e-09
6.947791164658635 1040.8727968593612 2081.7455937187224 2.5139263771462267e-10 3.2629906343269113e-10
6.9879518072289155 1083.5258747969176 2167.051749593835 -1.4620044854586753e-09 3.193334339416736e-09
7.028112449799197 1127.9268230479186 2255.853646095837 -8.731497201161707e-10 1.5350405742744177e-09
7.068273092369478 1174.1472438891278 2348.2944877782556 6.210804312645804e-10 -1.7351511443016286e-09
7.108433734939759 1222.2616536598741 2444.5233073197483 5.712497431115109e-10 -1.337221959160801e-09
7.14859437751004 1272.3477857949263 2544.6955715898525 4.95399546867599e-10 -7.147678318088495e-10
7.188755020080321 1324.4862465946096 2648.972493189219 7.210488828335265e-10 -8.245110193747047e-10
7.228915662650603 1378.7613873693979 2757.5227747387958 1.0706783860709127e-09 -1.0871136431035218e-09
7.269076305220883 1435.2604776412759 2870.5209552825518 1.7347409975543111e-09 -2.043127598334563e-09
7.309236947791165 1494.074950188757 2988.149900377514 1.3931529408705881e-09 -1.280229508441415e-09
7.349397590361446 1555.2993932896397 3110.5987865792795 -4.309584697102849e-11 1.283452518804371e-09
7.389558232931727 1619.0327756119116 3238.065551223823 -1.046166894843535e-09 2.6811080281763246e-09
7.429718875502008 1685.377616351191 3370.755232702382 -9.310055271658823e-10 1.6191604853712374e-09
7.469879518072289 1754.4410213294416 3508.882042658883 -6.773545677037624e-10 4.713279215705022e-10
7.51004016064257 1826.3344268505348 3652.6688537010696 -1.9099726708175198e-10 -4.987173305490409e-10
7.550200803212851 1901.1737173770189 3802.3474347540377 8.023678196983889e-10 -2.0711444839612125e-09
7.590361445783133 1979.0798457650067 3958.1596915300133 1.4084220416845165e-09 -2.3682666654661966e-09
7.6305220883534135 2060.1784070616714 4120.356814123343 2.316345351688306e-09 -2.8858290447759932e-09
7.670682730923695 2144.6003076313905 4289.200615262781 3.49053598020184e-09 -3.9789505304960154e-09
7.710843373493976 2232.4817547809234 4464.963509561847 3.917541030514817e-09 -3.969869969326137e-09
7.751004016064257 2323.9644494535014 4647.928898907003 2.3222312585032766e-09 -8.420695587375949e-10
7.791164658634538 2419.195948820051 4838.391897640102 -3.769515773773643e-10 3.487994249168966e-09
7.831325301204819 2518.3298664038184 5036.659732807637 -1.4056650032792308e-09 3.975753487661456e-09
7.871485943775101 2621.5260179989127 5243.052035997825 -4.4098916282270475e-11 -3.141767808411167e-10
7.911646586345381 2728.950914631356 5457.901829262712 7.014838056488148e-10 -2.459460193946481e-09
7.951807228915663 2840.7778335370454 5681.555667074091 7.291114128593942e-10 -2.0420926598518067e-09
7.991967871485944 2957.187188038556 5914.374376077112 -1.1402254385188717e-11 1.9928461740024592e-10
8.032128514056225 3078.3667800493627 6156.733560098725 -4.949541973198392e-10 2.151657143183544e-09
8.072289156626505 3204.512073589918 6409.024147179836 1.0791579627446238e-09 -6.747485279112513e-10
8.112449799196787 3335.8265783432344 6671.653156686469 2.1880529701341835e-09 -2.5603082232424716e-09
8.152610441767068 3472.522076507647 6945.044153015294 2.1146847144094303e-09 -1.8899522726416597e-09
8.19277108433735 3614.819094278181 7229.638188556362 1.3198189804639122e-09 -4.155493818189284e-10
8.23293172690763 3762.9471430863996 7525.894286172799 -4.167015978771114e-11 1.7527621720173988e-09
8.273092369477911 3917.145177712644 7834.290355425288 7.928114371520837e-10 -4.261892138026613e-10
8.313253012048193 4077.6619410134176 8155.323882026835 1.6810723515721024e-09 -2.67213492900013e-09
8.353413654618475 4244.756342684347 8489.512685368694 -9.844314610220838e-10 2.276898803057143e-09
8.393574297188755 4418.69790870644 8837.39581741288 -1.3203288245086705e-10 2.0950278242796486e-10
8.433734939759036 4599.767286931438 9199.534573862877 -1.980130789300076e-10 3.1333289169333264e-10
8.473895582329318 4788.256667248344 9576.513334496687 1.2185235145551403e-10 -3.571729228091944e-10
8.514056224899598 4984.470229106612 9968.940458213225 3.525891355858385e-11 -1.1380751015362312e-10
8.55421686746988 5188.724322364094 10377.448644728189 8.561848082620323e-11 -1.9707388594253065e-10
8.594377510040161 5401.3496038427365 10802.699207685473 -6.717475726131072e-12 1.0319310696415803e-11
8.634538152610443 5622.6887111153555 11245.377422230711 3.403612583898329e-11 -6.286835589566856e-11
8.674698795180722 5853.098365850504 11706.196731701008 -7.299223795900073e-11 1.3523912587619993e-10
8.714859437751004 6092.949288373814 12185.898576747628 2.7740382454498803e-10 -5.214387041142497e-10
8.755020080321286 6342.627489546097 12685.254979092195 6.085077868268113e-10 -1.0036011276900634e-09
8.795180722891565 6602.534732364742 13205.069464729484 -1.3620154526430477e-10 5.304190349251379e-10
8.835341365461847 6873.091862298443 13746.183724596885 1.939272579594192e-09 -3.2643516934630926e-09
8.875502008032129 7154.736941828446 14309.473883656892 3.6362604391957157e-09 -5.622945092856768e-09
8.91566265060241 7447.923673391499 14895.847346782997 4.71640009766993e-10 3.5869562575689054e-10
8.95582329317269 7753.124736593968 15506.249473187936 2.4509212925068583e-10 2.666932215933064e-10
8.995983935742972 8070.8338373060515 16141.667674612103 1.3159681263747492e-10 1.7777366075928508e-10
9.036144578313253 8401.56355696793 16803.12711393586 2.7143202138036052e-11 1.8705383355693574e-10
9.076305220883533 8745.84757829793 17491.69515659586 5.829361113605057e-11 1.3221503579936175e-11
9.116465863453815 9104.238966167628 18208.477932335256 -1.318514482674284e-10 3.0926288991612107e-10
9.156626506024097 9477.316104440568 18954.632208881136 -6.256684503159789e-10 1.1472332770621102e-09
9.196787148594378 9865.67656364435 19731.3531272887 3.7735523350589137e-10 -8.451598824858319e-10
9.236947791164658 10269.949977825563 20539.899955651126 2.772021378352366e-09 -5.181381662735469e-09
9.27710843373494 10690.790326053298 21381.580652106597 -5.666732124299426e-10 2.0779358979680915e-09
9.317269076305221 11128.877241267135 22257.75448253427 2.3132498554885317e-10 1.5377888823341433e-10
9.357429718875501 11584.916779407606 23169.83355881521 1.4602331617185526e-10 -3.746464960516904e-11
9.397590361445783 12059.643936826475 24119.28787365295 1.0432551985561011e-09 -8.288345543819113e-10
9.437751004016064 12553.824261182584 25107.64852236517 -1.4446566706314772e-11 1.5840546840683752e-09
9.477911646586346 13068.25498130148 26136.50996260296 2.4735697216828454e-09 -2.9345729192384672e-09
9.518072289156626 13603.767269843935 27207.53453968787 -4.896817696037893e-09 8.450999151957125e-09
9.558232931726907 14161.2243299912 28322.4486599824 -5.998593023157943e-10 -1.7466497023424515e-09
9.598393574297189 14741.524325917593 29483.048651835186 -6.01112243527288e-10 -3.679862851232533e-10
9.63855421686747 15345.6046004171 30691.2092008342 -4.792547337052733e-10 1.1644527125746272e-10
9.67871485943775 15974.441681419006 31948.883362838013 -1.3587234564904238e-10 -2.3714681702636676e-10
9.718875502008032 16629.04827824001 33258.09655648002 -8.33778207877887e-11 -1.4084853414036953e-10
9.759036144578314 17310.47934248196 34620.95868496392 -2.4691055742988474e-10 2.960699833786679e-10
9.799196787148594 18019.83574386678 36039.67148773356 1.2170900804573725e-09 -2.4284367900477824e-09
9.839357429718875 18758.261563306944 37516.52312661389 6.667556726111472e-11 2.628134515281922e-10
9.879518072289157 19526.947462266835 39053.89492453367 1.8650161176251578e-11 2.3702026767084927e-10
9.919678714859439 20327.1329756487 40654.2659512974 -8.420566030333826e-10 1.5427140990140636e-09
9.959839357429718 21160.108870146083 42320.217740292166 8.803093345271189e-10 -1.9032578347785657e-09
10.0 22027.217264531108 44054.434529062215 -4.043814222787595e-09 7.065533251746869e-09
